Pattern - 1 :
1
1 2
1 2 3
1 2 3 4
1 2 3 4 5

Pattern - 2 :  // some thing like below 
1
1 2
2 3 4
3 3 4 5
4 4 4 5 6

Pattern - 3 :
9 8 7 6 5 4 3 2 1
8 7 6 5 4 3 2 1 
7 6 5 4 3 2 1
6 5 4 3 2 1
5 4 3 2 1
4 3 2 1
3 2 1
2 1
1

Pattern - 4 :
6 8 7 9 5 4 3 2 1
8 7 9 5 4 3 2 1 
7 9 5 4 3 2 1
9 5 4 3 2 1
5 4 3 2 1
4 3 2 1
3 2 1
2 1
1

Pattern - 5 :
       1
     1 2 1
   1 2 3 2 1
 1 2 3 4 3 2 1
 1 2 3 4 3 2 1
   1 2 3 2 1
     1 2 1
       1

Pattern - 6 :
       1
     1 2 1
   1 2 3 2 1
 1 2 3 4 3 2 1
               1 2 3 4 3 2 1
                 1 2 3 2 1
                   1 2 1
                     1

   